best accuracy:0.8270371835443038
f1-score:65.3359375
epoch:84